286.1650
286.0050
286.0900
285.8300
285.7800
285.7800
285.7500
285.8166
285.7700
285.5300
285.3400
285.0600
285.1600
285.0100
284.9370
284.8000
284.6800
284.7200
284.8100
284.9600
285.0200
284.8100
285.0300
285.6500
285.5500
285.6100
285.7400
285.6550
285.5050
285.4700
285.4900
285.5800
285.6900
285.5000
285.3000
285.3133
285.4350
285.5700
285.2500
285.2500
285.3500
285.1900
285.1300
285.0200
285.2200
285.1600
285.2050
285.1300
285.0250
285.3400
285.2700
285.3400
285.4700
285.1700
285.2400
285.4000
285.0100
285.0000
284.8600
284.6200
284.8700
284.9767
285.0400
284.9500
285.1400
285.1500
285.1523
285.2100
285.3400
284.9799
285.0150
285.0000
284.8500
284.6700
284.6900
284.7967
284.6812
284.9043
284.8929
284.8280
284.6800
284.6500
284.7400
285.0300
285.2200
285.3150
285.3600
285.6200
285.6999
285.8300
285.8100
285.7400
285.8917
285.8200
285.7400
285.8879
285.9200
285.5500
285.5900
285.5200
285.4700
285.6300
285.5200
285.3850
285.3000
285.4600
285.3410
285.2685
285.3050
285.3750
285.4987
285.5000
285.5484
285.5600
285.7206
285.6500
285.5300
285.5900
285.3050
284.9900
284.9698
284.9600
284.9582
284.9100
284.8100
284.7457
284.8600
284.5900
284.2300
284.3200
284.3300
284.2300
284.4200
284.5800
284.6700
284.5500
284.7000
284.8600
284.8200
284.7800
284.7350
284.9200
284.9000
284.7400
284.7100
284.6750
284.6200
284.6600
284.6700
284.8650
284.9100
284.8700
284.7699
284.7500
284.6200
284.6600
284.6400
284.7200
284.5700
284.5900
284.6300
284.7000
284.8300
284.8850
285.0850
284.9700
284.9200
284.8400
284.6650
284.4700
284.4200
284.5100
284.5150
284.3500
284.5299
284.6200
284.6099
284.5800
284.4700
284.1250
283.9700
283.7300
283.8800
283.9801
284.1300
284.2200
284.1650
284.1450
284.0099
284.0200
283.8500
283.8130
283.8500
284.0400
284.2300
284.7000
284.6300
284.7300
284.3700
284.3800
284.2850
284.1900
284.3550
284.4100
284.4700
284.1600
284.1400
284.0100
284.1200
284.2300
284.1000
284.2224
284.4300
284.4001
284.4000
284.2800
284.1200
284.1000
284.1900
283.8500
283.7150
283.7800
283.7300
283.7000
283.8400
283.9300
283.8450
283.7850
283.9400
283.9700
283.9150
283.8500
283.7850
283.6800
283.7000
283.6600
283.7450
283.4400
283.3600
283.1400
283.1500
283.1110
283.1500
282.9950
282.6500
282.5000
282.6500
282.6900
282.8300
282.5000
282.5200
282.5600
282.4700
282.5700
282.6700
282.5000
282.3600
282.3365
282.6250
282.6300
282.9900
282.9050
282.8400
283.0000
283.0700
283.1400
282.9700
283.0000
282.7100
282.9000
283.0900
283.0700
283.0900
283.2100
283.1000
282.9000
282.9500
282.6000
282.7100
282.6400
282.6600
282.6600
282.6300
282.6100
282.7100
282.7950
282.5600
282.3290
282.1600
282.5000
282.3200
282.3580
282.2700
282.2100
282.1435
282.1300
282.4500
282.3770
282.3200
282.9100
283.1000
282.9350
282.7700
282.7050
282.9400
283.0400
283.3801
283.5700
283.7600
283.8700
283.8100
283.9200
283.8700
283.9500
283.8300
284.0900
283.9100
283.7200
283.7600
283.9400
283.9400
284.0300
283.7000
283.3080
283.7681
284.1100
284.0900
284.2100
284.0300
284.0800
284.1100
284.0700
284.0813
284.0500
283.8600
284.1910
284.2900
284.6300
284.5600
284.5000
284.8300
284.8100
284.9100
284.9100
284.8100
284.6000
284.7600
284.6900
284.3200
284.0650
283.9150
283.6600
283.8100
283.4900
283.4600
283.8194
283.8100
283.9000
283.8600
283.8450
283.8500
284.0500
283.9525
283.9900
284.0800
284.0400
283.9900
283.4300
283.4140
283.2450
282.9700
282.9400
283.0200
283.2600
283.4400
283.2500
282.9500
282.9400
283.0100
282.8800
282.5701
282.2200
281.7100
281.5200
281.8500
282.4350
282.8400
282.7400
282.4500
282.3700
284.2700
284.2650
284.3300
284.3850
284.6300
284.7350
284.5600
284.4650
284.5707
284.1100
283.8600
283.9300
283.9700
284.1300
284.0300
283.1400
283.2400
283.0500
282.8800
283.2014
283.3700
283.3500
283.3900
283.1750
283.5150
283.5696
283.6300
283.7000
283.8900
283.8900
283.7750
284.0000
284.0600
284.0400
283.9300
283.7700
283.2700
283.1300
283.0400
283.0750
283.0500
282.9000
283.2000
283.0700
282.9500
283.0800
283.0300
282.7100
283.0500
283.1700
283.2900
282.8600
282.6700
282.7000
282.8200
282.6400
282.5500
282.3100
282.2600
282.1800
282.1700
282.2200
282.0950
281.9299
281.8700
281.7200
281.8000
281.4100
281.2700
281.2950
281.5200
281.2200
281.3000
281.4300
281.3600
281.1500
281.2300
281.2200
281.5660
281.4700
281.6900
281.8701
281.7700
281.8400
281.9300
282.2700
282.6600
282.5600
282.6900
282.5700
282.4000
282.4700
282.5400
282.5500
282.4500
282.3700
282.2750
282.5300
282.2500
282.3450
281.9100
282.2000
282.0880
282.4000
282.1950
282.1700
282.2100
282.0000
281.9400
281.9007
281.8200
281.6298
281.4301
281.5100
281.7400
281.7500
281.5550
281.8200
281.9500
282.0800
282.2000
282.2280
282.4900
282.6900
282.5900
282.7200
282.4550
282.6100
282.6301
282.9100
282.9300
282.8800
282.7050
282.6200
282.5800
282.6800
282.7600
282.7600
282.8050
282.9050
283.0950
282.9500
282.9100
282.9300
283.0550
283.2400
283.5400
283.4800
283.6000
283.3000
283.1455
283.1900
283.0550
283.1300
282.6080
282.6300
282.6900
282.6000
282.6500
282.4897
282.3100
282.2500
282.0701
282.2201
282.0800
282.1600
282.0200
282.1800
282.3300
281.9700
281.9000
281.9100
282.0200
281.9433
281.9900
282.2150
282.2270
282.4800
282.4000
282.4200
282.3000
282.4100
282.5200
282.2200
282.1200
281.6200
281.8100
281.1400
280.9200
280.7300
280.7800
280.6800
280.7200
280.8200
280.7950
280.8700
280.9400
281.0000
281.0000
280.9600
281.2500
281.0900
281.1520
281.0000
281.0650
280.9801
280.9299
280.8000
280.9100
280.9700
280.9400
280.9300
281.3400
281.3600
281.1200
281.0800
280.6700
280.3400
280.5450
280.4200
280.1800
280.5050
280.2200
280.2700
280.3200
280.3700
280.0150
279.8100
279.9300
279.8600
279.7700
279.9100
279.8950
279.5500
279.4200
279.8000
280.1302
279.7850
279.8600
280.0400
279.9900
280.1300
280.6200
280.3500
279.7900
279.7050
279.3800
279.4600
279.4500
279.4300
279.5200
279.6100
279.5500
279.4800
279.2800
279.1700
279.3500
279.5200
280.0800
280.3100
280.6700
280.5800
280.1300
280.0500
280.1900
280.2100
280.2100
279.9200
279.9200
279.7000
279.7700
280.0200
280.1400
280.0900
280.3700
280.7310
281.0199
281.2400
281.4300
281.3900
281.1799
281.0500
280.9900
280.7200
280.6100
280.6000
280.7500
280.6850
280.5500
281.0200
280.6900
280.7500
280.3100
280.1800
280.4700
280.3600
280.0200
279.8700
279.8150
279.6800
279.9600
280.1300
280.4600
280.3800
280.3092
279.9500
280.0500
280.0800
279.5900
279.1200
278.8600
279.0700
278.9900
278.7000
279.0501
279.0900
279.2400
279.4100
279.2700
278.5900
278.7900
278.4000
278.1300
278.0050
277.7200
277.6000
277.4200
277.3000
277.6600
278.0500
278.1800
278.2000
277.7531
277.6600
277.3700
277.6200
277.7824
277.4400
277.1008
277.0700
277.2300
277.5181
277.3384
277.4300
277.6100
277.6300
277.9300
277.6200
277.4400
277.4900
277.1900
276.9600
276.6500
276.4400
276.8300
276.5600
276.7900
276.7900
276.9600
276.8200
277.0700
277.3300
277.4700
277.8900
277.7600
277.8800
278.2100
278.5800
278.3900
278.2900
278.1400
278.4200
278.4900
278.3800
278.7017
278.9400
279.4300
279.5300
278.8350
278.7700
278.6500
278.9600
279.6500
279.1500
278.9500
281.8600
281.6600
281.3300
281.3950
281.5800
281.8900
281.8600
281.5100
281.5200
281.0300
281.0700
280.7900
280.1500
280.2300
280.5300
280.8000
280.7800
280.5900
280.5900
280.3100
280.1900
280.3000
280.4200
280.7300
280.4000
280.3300
279.7200
279.7100
279.7900
279.5000
279.5800
279.4900
279.3380
279.1050
279.1700
279.3100
279.4300
279.7700
279.9600
280.3050
279.9900
280.0200
280.0500
279.9700
280.1200
279.9500
280.2700
280.2700
280.5300
280.3100
280.2500
280.4000
280.4600
280.7000
281.0900
281.1900
281.2300
281.1934
280.6100
279.6700
279.9050
279.8400
280.0300
280.2200
280.2030
280.1805
280.2900
280.3300
280.3200
280.3900
280.4500
280.2200
280.3505
280.0500
280.0700
280.2001
280.2500
280.4260
280.5292
280.5500
280.7400
280.6800
280.7500
280.5300
280.4901
280.6000
280.7600
280.7600
280.7800
280.6900
280.9800
280.8600
281.0223
280.8772
281.0100
281.0200
281.0700
281.6400
281.3800
281.3100
281.5300
281.7700
281.7100
281.4000
281.1500
281.2600
281.4101
281.2400
280.8000
280.9381
280.9000
280.8800
280.5500
280.3400
280.1800
280.4300
280.5800
280.6800
280.7000
280.7900
280.7780
280.8200
280.7500
280.6700
280.6810
280.8200
281.1100
281.1286
281.0800
281.3400
281.1200
281.2000
281.2400
281.2929
281.2201
281.0000
281.1400
281.2700
281.2400
281.4600
281.2400
281.1500
281.2800
281.1200
281.0800
280.9900
280.9900
281.3500
281.3960
281.4100
281.5600
281.3901
281.1199
281.0300
281.2600
281.5600
281.3800
281.6100
281.7300
281.9157
281.8900
282.0400
281.5633
281.2400
281.4900
281.3200
281.3800
281.5000
281.0400
280.6450
280.5700
280.5800
280.4900
280.6200
280.9000
281.1750
281.3000
281.3400
281.4200
281.7162
281.5700
281.4700
281.6250
281.8050
281.7800
281.6300
281.7550
281.8500
281.8800
281.7800
281.6467
281.4400
281.2100
281.2300
281.0400
281.1000
280.9300
281.2000
281.1000
281.4750
281.3500
281.4800
281.2750
281.0000
281.3500
281.1600
280.8050
281.1750
281.2000
281.1386
280.9700
280.7700
280.7500
280.4833
280.4400
280.6600
280.5600
280.4400
280.1100
279.7400
279.7450
279.9400
280.4400
280.2700
280.5200
280.7450
280.6950
281.0400
281.3100
281.0100
281.4610
282.1799
281.9000
281.8700
281.8700
281.4100
281.7000
281.3600
281.2700
281.4800
281.5200
282.1700
282.2200
281.9650
281.9800
281.9200
282.0800
282.0650
282.2600
282.5900
282.4900
282.9250
282.9700
283.1500
282.9300
283.1800
283.6600
283.4350
284.0200
284.0686
283.8300
283.9900
283.7100
283.6200
283.3500
283.4800
283.6159
283.5200
283.5000
283.9000
284.1100
284.3130
284.8600
285.2350
285.0499
285.2900
285.2180
284.9400
284.9864
285.0200
285.0200
284.7500
284.9100
284.8400
284.8300
284.6100
284.9100
284.8400
284.9500
284.7100
284.6000
284.7600
284.9400
285.2100
285.5700
285.5100
285.7250
285.6000
285.7000
285.6300
285.9050
285.7800
285.8600
285.8750
285.8750
286.0567
286.2200
286.3400
286.3200
286.2840
286.4150
286.4300
286.4800
286.4700
286.7900
287.0000
286.8600
286.9100
286.9200
287.0500
286.7500
286.3300
286.3900
285.9800
285.3800
285.1850
285.1700
285.3400
285.3700
285.5000
285.4351
285.5700
285.5800
285.7900
285.6600
285.5800
285.5900
285.7100
285.6620
285.8600
285.7479
285.7400
285.9400
285.8300
285.7613
285.9300
285.6800
285.6500
285.7500
285.5060
285.1800
284.8400
284.9300
284.6700
284.3800
284.5800
284.7800
284.4900
284.8000
284.9100
285.0100
285.0550
285.0300
285.0800
284.6900
284.4800
284.0900
284.5400
284.2400
284.5100
284.5900
284.7500
284.4500
284.1200
283.8600
284.1824
284.5300
285.1800
286.0000
286.1700
285.9700
286.0600
287.1700
287.1000
287.4300
287.5550
287.3500
287.4500
287.1500
287.1900
287.4600
287.7320
287.9000
288.1200
288.1700
287.8550
288.0600
288.1500
288.1450
288.4000
288.5300
289.0800
288.8300
289.1000
289.1350
289.1100
289.4199
289.3550
289.4600
289.6300
289.7000
289.6350
289.8100
289.8400
289.7800
289.6700
289.5900
289.8650
289.8400
289.9050
290.0100
290.0000
289.9900
290.2600
290.4800
290.4300
290.3000
290.4900
290.7000
290.5900
290.6700
290.8800
290.8200
291.0300
290.9300
290.9390
290.8500
290.9200
291.0100
290.9700
290.8400
291.0400
291.1101
291.1200
291.0300
291.0860
291.1400
290.9600
291.0000
291.0150
290.6700
290.6950
290.8200
290.7987
290.7600
290.7500
290.6800
290.6300
290.3200
290.8000
290.9300
291.0400
291.0800
291.0700
290.8500
290.6001
290.7800
290.7650
290.7400
290.6102
290.6800
290.8400
290.8900
290.8100
290.8500
290.8350
290.8500
290.7900
290.7600
290.6700
290.6600
290.5000
290.3843
290.4600
290.6199
290.7300
290.6400
290.8612
290.8700
290.9800
291.0100
291.0900
291.1700
291.1900
291.2300
291.2600
291.2757
291.2333
291.3750
291.3800
291.4200
291.4742
291.4000
291.3400
291.3600
291.4001
291.3600
291.2000
291.2000
291.2200
291.1800
291.1650
291.2200
291.2160
291.0600
291.0700
290.9750
291.0100
291.0100
291.1000
290.9100
291.0890
291.1284
290.9700
290.9300
290.8600
291.0488
291.0037
291.0046
290.9900
290.7950
290.8000
290.7550
290.9000
290.8200
290.6400
290.6400
290.9100
291.1100
291.0600
290.9300
291.0400
291.0800
291.2300
291.2300
291.4458
291.4100
291.3800
291.6300
291.7800
291.7700
292.0400
292.0500
292.0900
292.0800
292.1500
292.0100
292.1200
292.0400
292.2501
292.4010
292.5000
292.5000
292.5748
292.5700
292.4800
292.3000
292.2300
292.2400
292.3300
292.3300
292.3800
292.3900
292.3750
292.5002
292.3900
292.3600
292.2800
292.3750
292.4000
292.3800
292.5500
292.5200
292.4700
292.4500
292.3400
292.3600
292.4350
292.5217
292.5200
292.5650
292.4800
292.5000
292.4733
292.4535
292.3700
292.3300
292.2100
292.2100
292.3100
292.3650
292.3495
292.2520
292.2500
292.1500
292.0933
292.2500
292.1800
292.1300
292.1500
292.2300
292.3224
292.4000
292.4700
292.3967
292.5500
292.5600
292.5200
292.5350
292.4900
292.3800
292.5200
292.5000
292.4400
292.4768
292.4499
292.3043
292.2900
292.2450
292.3350
292.1724
292.0503
291.9800
292.0100
292.1000
292.1750
292.3400
292.3700
292.3800
292.4200
292.4550
292.4301
292.4640
292.4100
292.3700
292.4700
292.3600
292.7100
292.8050
292.7900
292.9300
292.6750
292.7200
292.8200
292.9400
292.8300
292.8400
292.9201
292.9700
292.8000
292.8000
292.8000
292.7900
292.6899
292.8700
292.9300
292.8200
292.9350
292.8600
292.9000
292.8600
292.9900
292.6100
292.5401
292.6800
292.5600
292.5900
292.3917
292.4199
292.6000
292.6099
292.5400
292.5700
292.6550
292.3900
292.4300
292.3000
292.1000
291.9300
291.8600
291.8300
291.7250
291.8950
292.1045
292.2750
292.3000
292.2000
292.1000
292.2000
292.3300
292.3250
292.3099
292.3600
292.5200
292.5000
292.2700
292.2200
292.0800
292.3400
292.2800
291.9800
292.0400
291.9300
292.0000
292.2000
292.5100
292.4598
292.4100
292.4519
292.5700
292.6200
292.6400
292.5900
292.5900
292.4500
292.6200
292.3300
292.3400
292.2100
292.1560
291.8800
292.1500
292.1932
292.1500
292.1200
292.0500
292.3400
292.0500
292.1100
292.3700
292.5400
292.2800
292.2500
292.1500
291.7975
291.8400
291.7200
291.6689
291.8200
291.6400
292.0100
292.2400
292.3200
292.5000
292.4000
292.6050
292.9500
293.1600
293.2850
293.3600
293.1300
293.2200
293.1900
293.0900
293.0250
293.2400
293.5700
293.7000
294.0800
294.0800
293.9900
293.6000
293.0500
293.1650
293.1300
293.2401
293.1500
293.0100
293.0400
293.2100
293.2750
293.0700
293.1850
293.3000
293.2600
293.2800
293.3300
293.3150
293.2000
293.1900
293.2100
293.2800
293.2000
293.2100
293.2300
293.2700
293.0600
293.2300
293.1000
293.1000
293.4900
293.4100
293.4650
293.2500
293.2850
293.2800
293.4350
293.4600
293.4950
293.5100
293.6550
293.6700
293.8600
293.7700
293.7550
293.7400
293.6500
293.6700
293.8050
293.9200
293.9600
293.9100
293.8750
293.9200
293.9000
293.8100
293.8100
293.8830
293.8800
293.9400
293.7550
293.5000
293.5099
293.4797
293.5250
293.5200
293.5950
293.6100
293.7100
293.6150
293.5450
293.4701
293.4501
293.4200
293.3800
293.4000
293.4300
293.4200
293.4300
293.3600
293.4100
293.5300
293.5300
293.5000
293.4300
293.3200
293.3300
293.3100
293.1998
293.1000
293.1101
292.8550
292.7400
292.8900
292.9400
293.1901
293.1600
293.1401
293.1299
293.0700
293.0400
292.9900
292.9400
292.8450
292.7850
292.8200
292.7920
292.7100
292.8226
292.8923
292.9250
293.0400
293.0000
292.9100
292.8400
292.8350
292.9900
293.0600
293.2750
293.3302
293.4185
293.3450
293.4720
293.4900
293.5000
293.5400
293.5400
293.5460
293.6090
293.5400
293.5100
293.5400
293.5700
293.5700
293.5900
293.6500
293.5800
293.6700
293.8800
293.9400
293.9600
293.9699
293.9700
293.8600
293.8430
293.7470
293.7300
293.6550
293.7100
293.8280
293.8000
293.6800
293.6500
293.7800
293.6800
293.5350
293.4900
293.4800
293.4660
293.4950
293.5500
293.6000
293.4300
293.4270
293.4900
293.4200
293.4800
293.5700
293.5650
293.5100
293.4900
293.5500
293.4300
293.3300
293.2250
293.1600
293.0650
293.1100
292.9900
292.8500
292.7800
292.9800
292.8800
292.9400
292.9900
292.9700
292.9700
292.9000
292.9100
292.7900
292.6400
292.6300
292.6800
292.8200
293.0100
292.9900
292.9700
292.8900
292.9242
292.9470
292.9600
292.9700
293.0700
293.0100
292.9250
292.9100
292.9500
292.8800
292.8200
292.8600
292.7200
292.7300
292.6800
292.7000
292.6889
292.5542
292.5600
292.4800
292.5000
292.4850
292.4000
292.1900
292.2000
292.0300
291.9700
291.8700
291.8700
291.8800
291.8100
291.8100
291.8538
291.7750
291.7550
291.8300
291.7700
291.8150
291.8900
291.8500
291.7800
291.8700
292.0300
291.9471
291.8100
291.8920
291.8900
291.8100
291.8500
291.8650
291.7900
291.7700
291.7700
291.8623
291.8597
291.9630
291.9499
291.8000
291.7800
291.8200
291.7900
291.7600
291.7965
291.8600
291.9200
291.9200
291.8700
291.8200
291.9000
291.8100
291.8800
291.8500
291.7800
291.7500
291.7350
291.5450
291.5600
291.2000
291.3600
291.3600
291.3600
291.4700
291.4100
291.4300
291.4700
291.3200
291.2442
291.2900
291.1200
291.0200
290.9650
291.1100
291.2600
291.1700
291.2100
291.1850
291.0700
291.1800
291.1400
291.1800
291.1200
291.0900
290.9400
290.8800
290.8200
290.9913
291.0400
290.9600
291.0700
291.3200
291.1800
291.1600
291.2200
291.3500
291.3170
291.2850
291.2000
291.0999
291.0200
290.9600
291.0450
290.9700
290.9100
290.9200
290.7800
290.7000
290.7200
291.2201
291.2500
291.0900
290.9900
290.9050
290.6600
290.9000
290.9600
290.8000
290.8500
291.0200
290.9300
291.0000
291.0300
290.9300
290.7100
290.5700
290.4400
290.6000
290.5800
290.6400
290.7600
291.1421
290.9600
290.9900
291.1700
291.0400
290.9800
291.1000
291.1400
291.1200
291.0200
290.8900
290.7350
290.5900
290.6400
290.4500
290.3800
290.4100
290.4800
290.6700
290.8000
290.8550
291.0080
290.8950
290.7800
290.7800
290.8050
290.9950
291.1500
291.1000
290.9400
290.7600
290.9600
291.0300
290.9600
290.8200
290.7000
290.5600
290.4500
290.1600
290.1200
290.1500
290.1000
290.0700
290.1200
290.3400
