1456642
722312
452150
689016
1153820
509839
376538
404550
358048
534021
360451
227985
252925
209666
353813
317872
211557
899636
366387
294464
240476
442665
345484
408582
149816
225014
235994
539906
806236
217836
199833
328792
126293
230786
148916
93412
100745
150021
410341
115490
122972
146034
104323
72278
222108
132865
191641
150236
334957
158928
97224
179771
79209
163019
120569
175295
308071
98222
187827
266481
213253
73348
85824
142643
129603
81084
509463
74473
110392
183510
287608
170574
138461
548357
75786
63534
54541
98981
73483
101705
147203
184252
223297
256265
174996
213028
158346
250143
117212
68248
73523
63075
126779
73201
267831
99667
128043
158433
61954
93652
123443
91602
145282
88379
62174
47185
567426
117866
99883
138829
107299
60313
83753
82359
169719
201080
151469
152461
322463
248296
920919
43494
80602
32934
116969
97397
111130
216059
80545
50311
75871
77236
122149
75195
45425
77395
84401
52297
47687
58106
90406
151971
203774
55068
39207
75582
56871
93619
58939
103830
44039
86253
88118
111009
99926
61444
29679
45584
161677
80993
61151
94794
108973
77205
156118
174634
76300
122545
242816
136183
55810
99444
85669
105736
138428
101244
162464
140743
133632
211823
82132
140120
131160
93939
48098
83981
37407
193805
117412
101979
83701
254562
188479
294506
134304
181027
120173
107956
210811
49914
1771151
44002
56734
38600
106640
134856
46438
52394
208702
167877
122812
91627
53891
51314
140046
118028
70818
50869
118477
228366
89886
58561
138365
108686
142311
81108
37383
78632
321475
84016
95387
54246
139340
118155
78842
66962
119945
248882
160253
158763
50333
501657
91365
76498
534767
54734
156141
140340
938549
164482
81674
89138
83834
137905
193437
278820
118931
230924
213735
126140
183066
92971
106325
95313
127461
77397
105321
80160
141253
139672
71286
86510
126005
115920
89010
182658
143467
97618
87400
164120
58967
117290
223595
116105
98649
70387
105972
329727
93273
133829
149407
127443
67881
183847
192553
273841
166802
116356
229720
221685
132539
222474
132322
137621
266662
144001
356016
129834
114948
95208
73723
51023
77450
3168753
144453
80285
114523
101336
158740
144945
143526
466349
216931
172295
365798
139591
70650
179477
188975
211826
140439
201894
504348
178123
312885
227970
130559
184445
80823
219873
175435
107585
188996
178914
327712
188512
322219
273363
235973
193930
99289
130396
163388
138083
192049
268696
150951
256201
354062
441190
240739
175938
197846
110867
298713
332031
284622
369076
173008
176515
175967
169101
136541
176800
280215
418418
231798
205139
240563
430670
369351
285979
313684
376027
448492
541342
266119
493581
259081
4129201
2684571
581269
485099
594300
613007
545499
416330
357972
391308
646179
277492
651484
300820
325833
627985
244318
156533
226983
499273
261667
280315
161710
644981
223297
313962
148023
147262
180667
233079
356734
260577
318215
212794
182488
351572
308993
423247
229631
137620
186942
200033
116598
144527
287944
193375
307797
154919
132388
218863
140770
237381
450220
172305
333001
168441
148836
104521
191340
158217
210745
81652
97282
194689
115396
196101
93682
135507
145117
127316
89624
123067
142396
90191
58968
108482
141444
136970
116355
212138
167931
207487
51685
75899
86195
160286
163242
106112
81381
61134
120906
60182
58260
159714
93736
66929
102514
102776
165895
180159
152782
91137
162348
103995
119179
180048
88481
82157
167962
127796
126953
99589
185509
177396
212758
220087
211070
184268
231734
378805
162618
137689
163329
147014
116061
158340
111069
143864
126474
137944
74819
91355
94644
117691
154819
120244
118531
84366
73331
135960
224448
118703
182332
80928
153198
374997
222954
152611
164978
247920
264134
153261
167693
151706
224950
333865
137972
101277
150907
171326
110484
99536
94222
86160
74634
106805
54774
49328
84171
188958
148858
75064
116222
96139
130707
180124
119255
140152
125748
126112
192792
108562
175321
296687
259828
348715
231842
197187
366202
252216
111832
74949
73456
113586
108924
123578
111021
166126
107381
169716
478139
49657
118765
117090
62161
87933
101300
143338
174881
93075
91732
94877
131184
175904
95458
244246
165169
180101
126060
409044
175136
204552
171021
146528
91221
125028
112569
174857
121385
102491
166367
109402
114653
128324
157533
156740
275785
97373
254941
191180
155935
156077
162424
251975
269635
226797
114228
185779
281583
425464
235717
259412
125692
98051
140790
271202
201515
189008
313536
444546
177305
107209
152608
287388
196515
290501
196379
357323
399239
233271
249714
202392
367399
261171
246240
433102
330340
211253
390904
271331
491991
362786
300299
324989
113447
197399
157700
123069
189892
268084
555248
408263
307720
346936
191278
309746
254308
277564
294945
187146
196589
250273
316063
325877
400239
463282
392043
462271
425323
566754
356839
226548
210028
197800
238198
262246
220949
340359
320993
435894
415955
319007
503392
344936
202566
331009
170459
172020
161300
185407
238639
197625
199467
366262
148454
164728
182287
470767
35354
239893
76502
310352
178116
615912
89374
280970
349365
357581
338280
296691
369532
468387
568221
337792
470312
487424
238974
510614
1560895
192513
467669
1222945
139450
388470
278401
274386
375207
445742
255155
401656
298742
304455
352989
278128
342019
485335
479830
230112
687757
406026
397517
822977
93775
378453
512225
4845975
2127076
1056825
799064
1102434
1047102
658976
1283493
998367
646932
946423
514486
418996
381837
607699
425671
413469
328888
419800
234572
452546
278664
381060
325120
301291
337408
497331
475671
163146
251051
313119
384427
373259
316765
403991
395643
410839
296338
791594
337862
325242
228340
194257
292603
227812
201316
280914
275373
130621
141037
268752
243229
376023
149182
233472
249097
771686
17132
428014
342219
844849
264814
148797
343566
159686
152211
121296
75990
97291
78681
105683
110403
114298
291126
238476
233053
213616
126807
186519
132541
92510
110766
112406
102936
157763
202046
90381
429527
132381
86149
139728
137949
105683
120368
126813
179514
80209
156927
198460
192134
97354
120653
172816
140369
377154
154957
119884
139439
339676
182342
65307
69229
125421
134145
125602
125142
209507
130848
189085
110375
106834
63092
68930
179265
98685
116623
170006
168362
103578
79712
69656
47753
125870
111418
68819
128167
160246
97539
48009
168742
142288
73518
108186
90504
83342
86771
90423
99286
103113
66647
87874
301296
79945
144577
75290
129871
82581
70583
183811
127272
95452
136889
173921
249133
191068
95834
162330
153103
428566
180347
179040
99349
106959
142280
267466
253042
202266
145004
98187
202064
193982
93777
151521
144709
127972
179495
102464
171343
244557
154201
167633
290729
191343
347519
136520
151091
178190
152509
240493
645229
329088
114808
113656
295729
127684
363913
190842
272870
282587
279757
346963
312836
204590
184987
247218
330685
238049
382443
379695
403119
339731
616415
613793
475762
2764850
133977
555519
409338
638388
257805
476147
579438
454632
485911
1818668
329884
460863
308435
387762
306195
336655
321101
356585
458353
403195
440813
525304
179883
423803
306031
286465
707297
170
418058
141904
453753
594546
604980
725417
115869
236844
148790
181835
226546
473911
256865
293333
265351
257499
337795
379776
243569
298361
185382
155829
110411
156892
170812
129409
107491
79115
117638
134304
127826
177911
409155
158537
201177
157344
222847
215460
421441
231163
221024
266645
351695
107221
122069
141966
121074
135318
154048
166126
163836
122492
144630
159669
159870
123860
95347
141287
114886
151187
135582
182715
298385
281862
191820
228534
440009
365242
582995
504850
215354
536858
450189
236859
355622
262327
114974
222934
140619
193142
118059
120118
107075
192832
207437
112070
243395
161194
211174
288117
212183
130717
145429
372198
290955
184075
270994
440725
352255
236359
196782
180204
214977
356490
202962
178380
248249
148965
185991
270582
184807
294299
477620
281893
296576
210161
356036
199227
354556
344937
555947
415895
520081
613090
592017
482273
466939
306593
376125
4528697
3064328
841382
620371
1223498
1205510
706631
1319281
761471
630189
1274200
1164129
391017
691612
698692
1036886
1193868
793128
570758
408043
483557
431668
319824
275547
242751
223362
266377
309106
411837
90848
422811
182447
100652
207802
213363
1475084
933984
206799
429726
344013
224637
195176
354397
145950
112745
188280
216239
81864
103361
240022
134703
61528
138840
69115
51352
102839
71658
76875
73011
103360
164996
95387
130767
60309
72182
88178
97075
141775
118820
207719
103003
93630
49283
62218
59145
65279
95967
228922
158474
108811
130853
55771
154200
382596
128243
56122
63032
119345
86045
75674
98592
59665
47145
64001
77029
66087
116070
103187
60669
155647
292750
126055
223433
152267
489791
394186
223931
143083
114415
120943
150240
207266
232042
127165
107372
131915
125065
100968
128261
71514
65763
48469
27812
52802
76489
87241
151217
30258
44109
51093
71417
55799
70408
82057
49032
109899
31047
57405
67871
113950
127000
112529
119526
78749
65167
98104
64379
116852
74863
165263
105808
83796
81367
245616
124359
179449
240249
147587
90498
133698
185345
220031
135405
0
172251
134917
112005
272617
74348
90372
95158
47766
40207
93092
38112
98317
128497
142001
154842
698324
69858
36123
102306
69184
164918
81680
79343
140624
48487
38629
81427
48195
84495
46515
95921
53679
58956
83853
32827
32072
94509
44222
27260
26079
59923
37003
53725
20446
34503
51705
130020
94464
30150
58771
39054
21403
74562
105931
83152
37472
28156
28781
92069
110928
55306
80072
76626
103592
49273
48548
56567
39588
42601
27721
86737
91131
51233
48647
78946
54236
179484
52563
30250
62466
57120
72170
30744
30332
46112
81611
71410
110065
52048
72605
82131
106193
65860
53374
37210
57363
38856
106825
46359
46311
74848
208668
175247
64474
41804
56666
76714
91375
148806
145831
251691
183543
50852
78704
164987
64581
47730
88482
59626
66272
50696
49417
60231
75191
74408
123073
156523
345254
152441
122751
84607
73134
124311
80899
131065
115485
144179
93143
276264
24268
125397
129779
141916
88177
65426
89194
129903
234158
162540
98143
77791
68947
106195
98016
81430
45377
111250
73394
100499
85935
196528
131522
108001
157941
136215
131952
119673
137449
184533
185097
131082
122746
94250
76239
113183
88583
89031
103639
130477
111816
205029
339478
343592
368041
227375
224499
191462
104570
130209
206589
211600
143404
202145
173841
247057
188981
221540
178996
201992
304033
211213
162675
201391
314621
303028
302828
433398
156818
171156
271445
297896
338399
241353
120295
143217
154262
147320
130525
164076
232525
186035
396333
281473
237612
265839
256179
1826810
2315157
580300
323878
288819
339726
270141
258179
239777
722789
595177
326472
292857
211799
199566
259710
253662
128819
114147
148319
150342
136644
209489
103836
128334
141865
128629
169606
218576
229073
233110
125057
130232
143869
156359
164786
97328
142332
129323
180208
168879
244511
87306
67008
112721
271813
166302
122014
106262
85051
126927
87803
94717
65102
128558
123407
112111
70548
132152
211090
100428
42388
50288
55665
66470
67785
77654
71853
152352
91148
110570
49773
39857
33230
63700
47817
54189
68983
44076
137534
89470
50460
82074
167424
73083
83964
94871
124425
103246
52750
239306
164944
129019
119651
199456
60741
91033
112727
73594
44484
108405
125065
77742
59916
90934
101184
75727
173855
83697
100051
122132
95377
169962
408203
129349
138730
202035
226786
146113
54161
95359
119771
50711
66280
52817
53807
39608
84686
88462
97757
128303
102282
83310
103006
87336
76445
96469
202080
115707
66634
64860
92322
169609
75178
81306
49793
42711
52237
244965
65416
98745
66992
94821
168231
76220
63126
27143
37241
58353
47744
89316
80236
48895
51879
36970
66035
67356
93765
84141
84786
141085
136991
144431
142313
155600
51364
184347
163627
84754
53997
77695
113718
84904
89483
97769
50408
120027
59494
74852
97840
90212
74954
288098
77996
86817
67420
69954
72160
144286
67368
104889
119511
173956
166023
38184
156695
56782
106140
98625
93768
61713
55194
82882
75920
151301
90450
75524
87634
96815
180232
204634
113011
176295
99784
84069
49889
28471
37088
34136
30695
54611
52886
47729
72213
47750
49662
59731
62442
298316
73814
139924
77263
58524
54663
70185
57108
54534
57489
61551
54804
42714
64273
81545
84235
126728
65988
87334
221653
60650
78736
278010
78767
139898
76749
48993
59904
112514
115703
142161
139688
95893
146007
259896
86782
233692
132980
83237
149102
61534
55600
131506
93652
129305
52724
50713
95965
76385
57779
132986
61504
70515
38770
59583
74879
69035
272949
85050
92600
78289
125682
91277
87038
137422
7150
112464
112256
105475
71171
83867
78774
75632
139920
69407
183212
120037
79594
82900
58166
62582
110543
90802
159262
193335
235094
457673
115714
341549
142308
139394
104397
111021
162020
63554
137635
71782
101326
66045
76891
104003
111241
123309
95620
127267
93709
133495
576130
268280
114153
198238
129909
364420
158739
148949
315176
228317
192325
140327
131988
109935
135501
241896
184192
625981
140052
141605
157732
228678
186545
265316
268403
260863
190618
286090
162833
194573
197081
197863
204959
203355
169091
274073
181467
144168
184435
201483
184413
214177
189407
237433
254158
3243593
